iteration;Couple;omega
1;-0.027799;1.000000
2;0.000299;0.722015
3;0.000967;0.725002
4;0.001519;0.734667
5;0.002016;0.749860
6;0.002465;0.770019
7;0.002927;0.794669
8;0.003483;0.823936
9;0.004100;0.858762
10;0.007958;0.899762
11;0.021499;0.979338
12;0.025970;1.194331
13;0.029347;1.454033
14;0.035892;1.747508
15;0.045432;2.106433
16;0.054465;2.560754
17;0.052071;3.105403
18;0.037595;3.626112
19;0.048598;4.002066
20;0.048505;4.488049
21;0.048559;4.973104
22;0.036064;5.458691
23;0.036834;5.819329
24;0.032549;6.187670
25;0.027898;6.513155
26;0.028018;6.792139
27;0.030205;7.072319
28;0.033035;7.374367
29;0.041403;7.704717
30;0.061242;8.118744
31;0.001661;8.731164
32;0.031026;8.747772
33;0.052270;9.058037
34;0.046622;9.580741
35;0.044116;10.046958
36;0.035938;10.488120
37;0.027973;10.847499
38;0.027925;11.127234
39;0.041126;11.406481
40;0.057689;11.817741
41;0.002159;12.394632
42;0.049781;12.416217
43;0.047124;12.914027
44;0.038294;13.385272
45;0.031768;13.768209
46;0.027872;14.085889
47;0.041871;14.364605
48;0.062463;14.783312
49;0.027229;15.407944
50;0.033303;15.680233
51;0.039982;16.013263
52;0.029972;16.413078
53;0.028914;16.712795
54;0.042819;17.001936
55;0.002684;17.430126
56;0.047243;17.456971
57;0.044848;17.929400
58;0.029816;18.377876
59;0.030059;18.676040
60;0.057522;18.976631
61;0.029563;19.551847
62;0.046856;19.847478
63;0.035763;20.316039
64;0.027861;20.673667
65;0.044824;20.952274
66;0.025150;21.400513
67;0.047054;21.652009
68;0.034348;22.122545
69;0.030166;22.466026
70;0.060168;22.767684
71;0.052874;23.369368
72;0.042483;23.898107
73;0.034999;24.322934
74;0.040300;24.672926
75;0.027882;25.075927
76;0.049750;25.354751
77;0.027982;25.852247
78;0.037847;26.132068
79;0.025305;26.510537
80;0.049685;26.763588
81;0.027906;27.260434
82;0.041603;27.539494
83;0.041314;27.955526
84;0.037950;28.368661
85;0.027951;28.748162
86;0.064833;29.027670
87;0.034808;29.675999
88;0.032537;30.024081
89;0.040643;30.349450
90;0.031225;30.755883
91;0.037389;31.068133
92;0.028554;31.442025
93;0.000274;31.727569
94;0.048587;31.730312
95;0.034943;32.216180
96;0.059787;32.565610
97;0.033110;33.163475
98;0.029200;33.494579
99;0.046257;33.786575
100;0.043399;34.249143
101;0.030739;34.683132
102;0.044824;34.990522
103;0.041730;35.438761
104;0.029542;35.856057
105;0.056564;36.151476
106;0.036497;36.717114
107;0.029527;37.082085
108;0.068436;37.377358
109;0.049815;38.061719
110;0.028470;38.559871
111;0.008241;38.844567
112;0.037080;38.926979
113;0.042179;39.297780
114;0.051081;39.719568
115;0.028033;40.230379
116;0.068428;40.510708
117;0.047754;41.194989
118;0.029269;41.672524
119;0.053447;41.965215
120;0.029203;42.499681
121;0.070212;42.791708
122;0.041360;43.493828
123;0.039377;43.907424
124;0.036269;44.301196
125;0.027995;44.663883
126;0.026490;44.943835
127;0.033054;45.208740
128;0.065035;45.539279
129;0.039707;46.189627
130;0.038669;46.586701
131;0.046872;46.973388
132;0.030864;47.442107
133;0.050724;47.750744
134;0.028019;48.257987
135;0.037178;48.538180
136;0.027805;48.909961
137;0.004064;49.188009
138;0.031963;49.228653
139;-0.000286;49.548279
140;0.036276;49.545419
141;0.064408;49.908182
142;0.036306;50.552263
143;0.058593;50.915325
144;0.035238;51.501254
145;0.056743;51.853630
146;0.036217;52.421055
147;0.057490;52.783228
148;0.033761;53.358131
149;0.060159;53.695742
150;0.040049;54.297333
151;0.072013;54.697826
152;0.034299;55.417956
153;0.002547;55.760943
154;0.028637;55.786413
155;0.030488;56.072787
156;0.029440;56.377666
157;0.054228;56.672069
158;0.030055;57.214345
159;0.046944;57.514894
160;0.037972;57.984334
161;0.040822;58.364056
162;0.064589;58.772280
163;0.032976;59.418171
164;0.026790;59.747931
165;0.027901;60.015831
166;0.033910;60.294845
167;0.042366;60.633948
168;0.037968;61.057607
169;0.077963;61.437288
170;0.027986;62.216916
171;0.055225;62.496775
172;0.031589;63.049028
173;0.042346;63.364914
174;0.078848;63.788374
175;0.032504;64.576853
176;0.036256;64.901897
177;0.040420;65.264455
178;0.035823;65.668656
179;0.033661;66.026890
180;0.029025;66.363501
181;0.043348;66.653754
182;0.001708;67.087236
183;0.027944;67.104318
184;0.048384;67.383762
185;0.065435;67.867600
186;0.029507;68.521950
187;0.048755;68.817023
188;0.059964;69.304578
189;0.027697;69.904220
190;0.048677;70.181186
191;0.061789;70.667959
192;0.032221;71.285845
193;0.048264;71.608059
194;0.078680;72.090699
195;0.028234;72.877495
196;0.041466;73.159838
197;0.027321;73.574500
198;0.037462;73.847707
199;0.034164;74.222325
200;0.041991;74.563964
201;0.060087;74.983875
202;0.028001;75.584743
203;0.044159;75.864756
204;0.032062;76.306348
205;0.038778;76.626969
206;0.028260;77.014754
207;0.048865;77.297352
208;0.003949;77.785998
209;0.041290;77.825485
210;0.030580;78.238385
211;0.047630;78.544188
212;0.003538;79.020492
213;0.039115;79.055873
214;0.029178;79.447026
215;0.049607;79.738811
216;0.027839;80.234880
217;0.041439;80.513269
218;0.035309;80.927657
219;0.035541;81.280752
220;0.052736;81.636160
221;0.071998;82.163518
222;0.029985;82.883502
223;0.029517;83.183351
224;0.048345;83.478525
225;0.053432;83.961978
226;0.068205;84.496301
227;0.031473;85.178354
228;0.027727;85.493087
229;0.034515;85.770359
230;0.034425;86.115506
231;0.005332;86.459752
232;0.047692;86.513069
233;0.030188;86.989993
234;0.029711;87.291872
235;0.041154;87.588977
236;0.036704;88.000522
237;0.008298;88.367563
238;0.058293;88.450546
239;0.030325;89.033481
240;0.032170;89.336733
241;0.036040;89.658437
242;0.049747;90.018834
243;0.048736;90.516304
244;0.008068;91.003662
245;0.061711;91.084342
246;0.042141;91.701448
247;0.028450;92.122860
248;0.028124;92.407355
249;0.036851;92.688592
250;0.048500;93.057099
251;0.032841;93.542096
252;0.047059;93.870503
253;0.002947;94.341093
254;0.062515;94.370561
255;0.040042;94.995709
256;0.029657;95.396127
257;0.027917;95.692698
258;0.027734;95.971865
259;0.033660;96.249206
260;0.036304;96.585805
261;0.047892;96.948840
262;0.047034;97.427758
263;0.038621;97.898094
264;0.054526;98.284303
265;0.031645;98.829559
266;0.003794;99.146009
267;-0.000328;99.183947
268;0.063599;99.180669
269;0.055755;99.816655
270;0.041110;100.374201
271;0.040948;100.785304
272;0.033194;101.194788
273;0.029237;101.526729
274;0.030036;101.819097
275;0.028586;102.119454
276;0.027845;102.405319
277;0.027904;102.683766
278;0.028124;102.962805
279;0.035211;103.244042
280;0.032251;103.596157
281;0.033017;103.918667
282;0.029543;104.248840
283;0.029438;104.544271
284;0.029542;104.838647
285;0.032827;105.134067
286;0.035258;105.462337
287;0.034716;105.814914
288;0.028145;106.162070
289;0.027937;106.443523
290;0.027896;106.722892
291;0.028540;107.001848
292;0.030664;107.287252
293;0.028965;107.593892
294;0.032092;107.883544
295;0.042381;108.204469
296;0.040628;108.628276
297;0.055136;109.034557
298;0.062236;109.585919
299;0.078909;110.208280
300;0.003878;110.997368
301;0.035301;111.036152
302;0.055111;111.389164
303;0.035472;111.940277
304;0.049366;112.294999
305;0.038836;112.788658
306;0.036008;113.177022
307;0.029372;113.537098
308;0.028007;113.830816
309;0.030695;114.110884
310;0.037973;114.417829
311;0.059787;114.797562
312;0.002180;115.395430
313;0.042336;115.417228
314;0.034039;115.840588
315;0.049129;116.180978
316;0.037358;116.672267
317;0.028070;117.045850
318;0.028504;117.326546
319;0.041060;117.611587
320;0.064127;118.022184
321;0.024955;118.663452
322;0.041206;118.913002
323;0.048164;119.325064
324;0.034280;119.806707
325;0.028028;120.149505
326;0.041360;120.429785
327;0.065036;120.843384
328;0.034549;121.493747
329;0.046802;121.839238
330;0.037026;122.307258
331;0.034938;122.677519
332;0.033556;123.026895
333;0.069288;123.362455
334;0.051968;124.055336
335;0.049456;124.575013
336;0.031261;125.069578
337;0.030362;125.382187
338;0.060517;125.685809
339;0.046931;126.290979
340;0.048541;126.760289
341;0.028789;127.245700
342;0.032158;127.533594
343;0.000273;127.855170
344;0.037696;127.857905
345;0.040050;128.234865
346;0.027891;128.635368
347;0.057545;128.914276
348;0.049501;129.489728
349;0.041342;129.984738
350;0.035338;130.398153
351;0.045135;130.751537
352;0.043964;131.202887
353;0.040287;131.642525
354;0.028030;132.045394
355;0.058543;132.325695
356;0.053698;132.911123
357;0.037431;133.448105
358;0.030668;133.822418
359;0.001448;134.129101
360;0.048093;134.143579
361;0.027858;134.624506
362;0.042990;134.903084
363;0.054979;135.332982
364;0.036811;135.882771
365;0.029964;136.250879
366;0.008187;136.550517
367;0.045584;136.632383
368;0.027839;137.088223
369;0.078786;137.366617
370;0.048897;138.154481
371;0.035805;138.643453
372;0.068148;139.001506
373;0.047978;139.682985
374;0.035796;140.162769
375;0.073217;140.520724
376;0.049802;141.252891
377;0.027843;141.750906
378;0.002665;142.029339
379;0.039590;142.055993
380;0.029006;142.451897
381;0.035808;142.741959
382;0.035592;143.100043
383;0.040569;143.455964
384;0.037122;143.861652
385;0.029283;144.232876
386;0.077581;144.525704
387;0.045708;145.301518
388;0.029937;145.758594
389;0.053726;146.057964
390;0.029510;146.595222
391;0.067409;146.890327
392;0.046092;147.564421
393;0.032187;148.025336
394;0.048710;148.347209
395;0.032316;148.834310
396;0.003198;149.157469
397;0.036336;149.189453
398;0.055553;149.552817
399;0.049788;150.108348
400;0.030682;150.606230
401;0.043793;150.913049
402;0.028018;151.350979
403;0.031289;151.631164
404;0.030442;151.944054
405;0.000768;152.248477
406;0.036776;152.256161
407;0.059160;152.623924
408;0.042314;153.215523
409;0.040221;153.638662
